# transform file /usr/local/freesurfer/stable6_0_0/subjects/bert/mri/orig/002.lta
# created by zkaufman on Fri Jan 20 01:17:01 2017

type      = 1 # LINEAR_RAS_TO_RAS
nxforms   = 1
mean      = 127.0000 147.0000 109.0000
sigma     = 10000.0000
1 4 4
9.999994635581970e-01 7.912502624094486e-04 -6.242427625693381e-04 7.252502441406250e-02 
-7.899884949438274e-04 9.999976754188538e-01 2.018923638388515e-03 1.055145263671875e-02 
6.258387584239244e-04 -2.018429571762681e-03 9.999977946281433e-01 -1.681823730468750e-01 
0.000000000000000e+00 0.000000000000000e+00 0.000000000000000e+00 1.000000000000000e+00 
src volume info
valid = 1  # volume info valid
filename = /usr/local/freesurfer/stable6_0_0/subjects/bert/mri/orig/002.mgz
volume = 256 256 256
voxelsize = 1.000000000000000e+00 1.000000000000000e+00 1.000000000000000e+00
xras   = -1.000000000000000e+00 0.000000000000000e+00 0.000000000000000e+00
yras   = 0.000000000000000e+00 0.000000000000000e+00 -1.000000000000000e+00
zras   = 0.000000000000000e+00 1.000000000000000e+00 0.000000000000000e+00
cras   = 5.399719238281250e+00 1.800000000000000e+01 0.000000000000000e+00
dst volume info
valid = 1  # volume info valid
filename = /usr/local/freesurfer/stable6_0_0/subjects/bert/mri/rawavg.mgz
volume = 256 256 256
voxelsize = 1.000000000000000e+00 1.000000000000000e+00 1.000000000000000e+00
xras   = -1.000000000000000e+00 0.000000000000000e+00 0.000000000000000e+00
yras   = 0.000000000000000e+00 0.000000000000000e+00 -1.000000000000000e+00
zras   = 0.000000000000000e+00 1.000000000000000e+00 0.000000000000000e+00
cras   = 5.399719238281250e+00 1.800000000000000e+01 0.000000000000000e+00
